1.86
1.73
1.49
1.73
1.45
1.56
1.76
1.39
1.51
1.85
1.62
1.67
1.70
1.61
1.42
1.64
1.62
1.62
1.86
1.75
0.962
1.63
1.58
1.54
1.55
1.72
1.75
1.62
1.52
1.76
1.64
1.64
1.46
1.60
1.67
1.72
1.68
1.80
1.64
1.55
1.54
1.65
1.72
1.40
1.52
1.58
1.65
1.70
2.34
1.62
1.81
1.78
1.68
1.58
1.55
1.63
1.42
1.60
1.35
1.60
1.52
1.40
1.57
1.59
1.57
1.61
1.73
1.58
1.47
1.61
1.59
1.59
1.61
1.61
1.57
1.46
1.71
1.38
1.62
1.64
1.56
1.52
1.49
1.60
1.65
1.61
1.59
1.63
1.80
1.64
1.72
1.40
1.71
1.71
1.73
1.73
1.54
1.56
1.47
1.61
1.61
1.67
1.49
1.63
1.63
1.66
1.54
1.42
1.71
1.59
1.53
1.86
1.36
1.61
1.52
1.67
1.78
1.68
1.65
1.56
1.37
1.61
1.67
1.68
1.47
1.50
1.67
1.76
1.67
1.68
1.50
1.64
1.64
1.59
1.43
1.70
1.65
1.75
1.64
1.57
1.67
1.56
1.61
1.68
1.58
1.72
1.64
1.67
1.69
1.55
1.63
1.61
1.54
1.63
1.61
1.60
1.67
1.60
1.48
1.74
1.71
1.69
1.65
1.52
1.66
1.70
1.32
1.62
1.85
1.62
1.66
1.68
1.72
1.68
1.64
1.75
1.61
1.75
1.62
1.56
1.56
1.61
1.58
1.61
1.63
1.68
1.62
1.61
1.69
1.55
1.71
1.79
1.63
1.70
1.57
1.64
1.72
1.38
1.73
1.54
1.54
1.54
1.75
1.67
1.69
1.65
1.69
1.71
1.66
1.78
1.59
1.77
1.63
1.57
1.50
1.55
1.65
1.65
1.51
1.68
1.71
1.65
1.58
1.73
1.66
1.69
1.65
1.71
1.65
1.63
1.71
1.65
1.58
1.74
1.48
1.66
1.68
1.69
1.54
1.79
1.60
1.77
1.52
1.66
1.61
1.65
1.62
1.67
1.46
1.69
1.66
1.60
1.67
1.67
1.58
1.68
1.58
1.48
1.50
1.55
1.56
1.71
1.57
1.75
1.53
1.55
1.48
1.47
1.61
1.64
1.50
1.62
1.65
1.70
1.63
1.56
1.54
1.67
1.34
1.64
1.56
1.65
1.55
1.37
1.69
1.61
1.51
1.80
1.61
1.66
1.62
1.73
1.66
1.61
1.53
1.63
1.62
1.64
1.71
1.76
1.53
1.54
1.55
1.81
1.71
1.79
1.64
1.72
1.58
1.74
1.55
1.52
1.69
1.57
1.41
1.62
1.35
1.60
1.70
1.76
1.42
1.77
1.64
1.67
1.70
1.66
1.67
1.60
1.70
1.58
1.56
1.67
1.60
1.54
1.39
1.80
1.64
1.62
1.63
1.60
1.70
1.67
1.72
1.36
1.55
1.66
1.68
1.71
1.54
1.72
1.64
1.75
1.63
1.71
1.68
1.63
1.62
1.52
1.44
1.54
1.71
1.60
1.72
1.70
1.61
1.56
1.57
1.80
1.69
1.62
1.63
1.61
1.63
1.71
1.62
1.72
1.65
1.62
1.45
1.67
1.61
1.25
1.54
1.64
1.53
1.86
1.64
1.64
1.60
1.66
1.59
1.72
1.49
1.74
1.77
1.74
1.51
1.64
1.66
1.75
1.62
1.85
1.79
1.71
1.66
1.44
1.63
1.70
1.68
1.65
1.59
1.60
1.52
1.70
1.62
1.72
1.36
1.55
1.70
1.71
1.57
1.67
1.52
1.69
1.65
1.66
1.63
1.73
1.65
1.72
1.57
1.75
1.65
1.66
1.47
1.67
1.63
1.64
1.45
1.67
1.67
1.62
1.60
1.65
1.66
1.61
1.69
1.68
1.60
1.56
1.54
1.50
1.67
1.63
1.55
1.59
1.71
1.30
1.67
1.64
1.48
1.59
1.52
1.59
1.55
1.56
1.48
1.49
1.64
1.55
1.58
1.65
1.75
1.60
1.43
1.59
1.60
1.71
1.54
1.64
1.46
1.62
1.62
1.62
1.64
1.07
1.62
1.59
1.59
1.66
1.58
1.56
1.62
1.66
1.53
1.64
1.65
1.58
1.61
1.61
1.56
1.51
1.52
1.53
1.47
1.60
1.62
1.58
1.64
1.70
1.67
1.67
1.61
1.75
1.51
1.38
1.17
1.51
1.57
1.62
1.34
1.58
1.67
1.58
1.52
1.66
1.42
1.65
1.65
1.63
1.58
1.67
1.66
1.61
1.42
1.53
1.67
1.52
1.58
1.52
1.33
1.55
1.66
1.72
1.64
1.48
1.61
1.57
1.51
1.62
1.56
1.68
1.73
1.59
1.54
1.53
1.54
1.65
1.64
1.68
1.45
1.39
1.59
1.58
1.57
1.56
1.49
1.64
1.49
1.57
1.47
1.69
1.28
1.67
1.43
1.71
1.60
2.70
1.59
1.71
1.59
1.48
1.54
1.62
1.54
1.72
1.59
1.70
1.57
1.64
1.59
1.71
1.70
1.54
1.59
1.62
1.60
1.61
1.69
1.62
1.67
1.60
1.59
1.60
1.52
1.58
1.67
1.71
1.56
1.64
1.62
1.58
1.60
1.55
1.50
1.24
1.59
1.53
1.55
1.57
1.57
1.56
1.57
1.65
1.49
1.31
1.64
1.56
1.55
1.52
1.57
1.61
1.64
1.62
1.48
1.47
1.58
1.50
1.57
1.68
1.65
1.58
1.57
1.59
1.56
1.45
1.51
1.56
1.51
1.38
1.59
1.55
1.49
1.55
1.54
1.50
1.53
1.56
1.52
1.50
1.51
1.30
1.35
1.41
1.33
1.40
1.39
1.54
1.58
1.53
1.65
1.59
1.61
1.66
1.47
1.68
1.66
1.64
1.68
1.49
1.46
1.63
1.70
1.68
1.52
1.58
1.64
1.70
1.77
1.71
1.59
1.60
1.71
1.66
1.52
1.69
1.70
1.63
1.64
1.59
1.38
1.73
1.73
1.68
1.65
1.60
1.62
1.61
1.62
1.64
1.63
1.57
1.57
1.61
1.67
1.61
1.51
1.59
1.67
1.69
1.62
1.61
1.63
1.57
1.53
1.58
1.58
1.61
1.40
1.59
1.67
1.64
1.54
1.66
1.67
1.62
1.65
1.62
1.62
1.60
1.60
1.66
1.64
1.64
1.54
1.64
1.65
1.62
1.66
1.68
1.66
1.64
1.63
1.63
1.51
1.72
1.69
1.68
1.76
1.69
1.64
1.77
1.54
1.71
1.65
1.70
1.76
1.78
1.81
1.56
1.73
1.66
1.71
1.66
1.61
1.62
1.69
1.70
1.70
1.63
1.62
1.72
1.76
1.67
1.66
1.59
1.73
1.60
1.60
1.74
1.70
1.55
1.65
1.59
1.65
1.65
1.70
1.71
1.72
1.53
1.69
1.56
1.66
1.75
1.73
1.74
1.66
1.64
1.65
1.74
1.59
1.60
1.71
1.73
1.73
1.74
1.71
1.73
1.66
1.53
1.65
1.64
1.66
1.73
1.68
1.71
1.67
1.68
1.66
1.85
1.62
1.79
1.63
1.78
1.57
1.66
1.64
1.60
1.72
1.72
1.69
1.58
1.68
1.65
1.55
1.34
1.36
1.45
1.55
1.41
1.40
1.51
1.45
1.40
1.38
1.51
1.37
1.50
1.50
1.60
1.41
1.43
1.48
1.39
1.47
1.37
1.56
1.51
1.65
1.63
1.68
1.62
1.65
1.59
1.63
1.68
1.76
1.63
1.66
1.62
1.62
1.40
1.65
1.55
1.74
1.59
1.60
1.48
1.69
1.62
1.55
1.64
1.61
1.60
1.75
1.64
1.63
1.54
1.61
2.38
1.67
1.62
1.60
1.63
1.72
1.66
1.69
1.69
1.66
1.74
1.63
1.62
1.63
1.67
1.73
1.48
1.59
1.60
1.62
1.58
1.58
1.67
1.65
1.59
1.64
1.66
1.59
1.62
1.63
1.54
1.53
1.70
1.55
1.54
1.65
1.61
1.51
1.62
1.54
1.63
1.56
1.52
1.49
1.68
1.52
1.65
1.59
1.62
1.51
1.59
1.70
1.74
1.62
1.60
1.55
1.56
1.70
1.59
1.64
1.78
1.66
1.79
1.67
1.68
1.68
1.53
1.68
1.68
1.66
1.68
1.63
1.70
1.61
1.61
1.49
1.63
1.70
1.52
1.52
1.62
1.61
1.61
1.50
1.64
1.63
1.73
1.68
1.70
1.73
1.58
1.63
1.70
1.64
1.59
1.64
1.60
1.53
1.72
1.63
1.14
