1.91
1.69
1.60
1.63
1.55
1.64
1.63
1.76
1.63
1.67
1.65
1.64
1.61
1.62
1.66
1.62
1.78
1.53
1.50
1.57
1.55
1.30
1.55
1.09
1.44
1.60
1.33
1.54
1.56
1.76
1.59
1.67
1.54
1.62
1.43
1.56
1.48
1.59
1.49
1.62
1.54
1.24
1.66
1.40
1.47
1.50
1.65
1.60
1.61
1.62
1.53
1.46
1.63
1.59
1.62
1.57
1.49
1.62
1.49
1.51
1.62
1.45
1.69
1.47
1.63
1.62
1.57
1.50
1.61
1.67
1.77
1.52
1.36
1.63
1.54
1.49
1.69
1.73
1.56
1.55
1.29
1.39
1.61
1.59
1.53
1.51
1.66
1.59
1.62
1.61
1.65
1.59
1.60
1.56
1.59
1.51
1.51
1.55
1.30
1.54
1.60
1.55
1.65
1.61
1.49
1.59
1.47
1.49
1.59
1.64
1.62
1.61
1.50
1.43
1.57
1.60
1.57
1.32
1.56
1.65
1.57
1.51
1.37
1.51
1.32
1.60
1.66
1.53
1.46
1.59
1.62
1.58
1.52
1.40
1.50
1.64
1.56
1.57
1.52
1.60
1.46
1.46
1.60
1.70
1.63
1.55
1.62
1.65
1.70
1.26
1.66
1.52
1.61
1.44
1.51
1.44
1.56
1.63
1.13
1.36
1.46
1.54
1.66
1.52
1.67
1.53
1.41
1.53
1.55
1.51
1.24
1.33
1.67
1.26
1.48
1.48
1.28
1.26
1.31
1.34
1.43
1.22
1.44
1.38
1.58
1.53
1.17
1.39
1.36
1.36
1.40
1.27
1.40
1.49
1.56
1.51
1.59
1.58
1.49
1.64
1.70
1.35
1.58
1.46
1.55
1.54
1.52
1.57
1.73
1.59
1.55
1.54
1.48
1.58
1.58
1.58
1.45
1.57
1.58
1.56
1.63
1.42
1.60
1.63
1.52
1.53
1.50
1.57
1.48
1.58
1.58
1.58
1.48
1.64
1.49
1.63
1.56
1.51
1.60
1.46
1.41
1.39
1.26
1.53
1.51
1.59
1.65
1.42
1.56
1.60
1.45
1.52
1.55
1.73
1.57
1.54
1.53
1.63
1.42
1.42
1.23
1.59
1.64
1.58
1.64
1.53
1.51
1.53
1.58
1.62
1.60
1.51
1.56
1.52
1.49
1.60
1.64
1.10
1.58
1.76
1.64
1.66
1.66
1.54
1.70
1.48
1.61
1.65
1.49
1.46
1.40
1.53
1.47
1.46
1.60
1.47
1.60
1.33
1.59
1.70
1.68
1.55
1.52
1.59
1.57
1.51
1.52
1.69
1.62
1.65
1.65
1.41
1.67
1.65
1.71
1.71
1.66
1.60
1.69
1.64
1.38
1.38
1.59
1.60
1.44
1.53
1.49
1.36
1.54
1.57
1.59
1.45
1.74
1.62
1.60
1.57
1.64
1.57
1.56
1.47
1.57
1.60
1.55
1.55
1.67
1.60
1.59
1.45
1.57
1.66
1.58
1.56
1.52
1.37
1.65
1.52
1.56
1.51
1.65
1.57
1.48
1.51
1.61
1.46
1.68
1.65
1.65
1.59
1.54
1.56
1.37
1.28
1.48
1.71
1.45
1.69
1.54
1.49
1.65
1.57
1.52
1.47
1.36
1.31
1.51
1.45
1.46
1.37
1.39
1.46
1.35
1.33
1.56
1.68
1.68
1.68
1.49
1.51
1.65
1.61
1.65
1.66
1.61
1.58
1.65
1.67
1.70
1.71
1.50
1.69
1.65
1.64
1.79
1.54
1.70
1.60
1.62
1.70
1.61
1.59
1.59
1.58
1.63
1.55
1.68
1.73
1.64
1.59
1.72
1.61
1.65
1.26
1.66
1.63
1.50
1.58
1.66
1.68
1.47
1.69
1.62
1.51
1.70
1.51
1.83
1.59
1.62
1.49
1.62
1.64
1.69
1.54
1.56
1.69
1.62
1.55
1.53
1.71
1.50
1.53
1.69
1.58
1.46
1.61
1.58
1.68
1.58
1.67
1.56
1.72
1.68
1.59
1.67
1.62
1.62
1.59
1.72
1.69
1.47
1.54
1.63
1.50
1.68
1.66
1.67
1.65
1.62
1.27
1.63
1.70
1.66
1.58
1.78
1.60
1.63
1.62
1.59
1.44
1.56
1.57
1.63
1.43
1.65
1.66
1.45
1.63
1.59
1.59
1.77
1.69
1.39
1.62
1.65
1.68
1.61
1.61
1.61
1.65
1.65
1.64
1.48
1.47
1.65
1.66
1.76
1.78
1.65
1.80
1.61
1.73
1.67
1.64
1.32
1.67
1.64
1.72
1.38
1.63
1.65
1.62
1.69
1.72
1.68
1.72
1.70
1.70
1.21
1.60
1.34
1.67
1.71
1.43
1.67
1.60
1.76
1.65
1.54
1.77
1.62
1.66
1.73
1.72
1.65
1.72
1.70
1.63
1.57
1.71
1.58
2.92
1.62
1.51
1.72
1.75
1.57
1.64
1.59
1.51
1.37
1.55
1.58
1.42
1.38
1.47
1.52
1.52
1.39
1.39
1.52
1.66
1.49
1.53
1.46
1.64
1.61
1.61
1.69
1.54
1.68
1.59
1.66
2.24
1.61
1.46
1.64
1.75
1.57
1.51
1.71
1.60
1.72
1.64
1.70
1.69
1.65
1.62
1.62
1.43
1.63
1.73
1.53
1.59
1.73
1.58
1.51
1.64
1.68
1.69
1.68
1.56
1.62
1.64
1.65
1.71
1.72
1.78
1.70
1.68
1.71
1.65
1.55
1.58
1.60
1.58
1.74
1.58
1.57
1.64
1.53
1.64
1.69
1.78
1.68
1.68
1.72
1.72
1.70
1.67
1.66
1.53
1.69
1.68
1.66
1.61
1.63
1.69
1.63
1.78
1.54
1.61
1.66
1.60
1.66
1.67
1.16
1.68
1.69
1.62
1.60
1.38
1.36
1.54
1.62
1.77
1.65
1.72
1.72
1.64
1.48
1.67
1.72
1.61
1.63
1.59
1.72
1.59
1.29
1.57
1.68
1.80
1.67
1.52
1.69
1.62
1.61
1.67
1.59
1.52
1.68
1.68
1.70
1.78
1.71
1.74
1.64
1.87
1.62
1.75
1.69
1.78
1.67
1.54
1.74
1.66
1.68
1.65
1.58
1.62
1.61
1.57
1.71
1.85
1.59
1.67
1.70
1.70
1.59
1.69
1.74
1.58
1.63
1.72
1.65
1.73
1.26
1.67
1.60
1.59
1.69
1.68
1.58
1.57
1.54
1.57
1.65
1.65
1.70
1.74
1.66
1.74
1.66
1.62
1.73
1.70
1.68
1.60
1.52
1.58
1.54
1.50
1.48
1.43
1.50
1.48
1.55
1.45
1.47
1.50
1.50
1.61
1.53
1.71
1.53
1.28
1.17
1.22
1.15
1.14
1.47
1.65
1.20
1.58
1.47
1.60
1.57
1.74
1.65
1.71
1.66
1.64
1.59
1.53
1.66
1.59
1.62
1.68
1.66
1.77
1.66
1.67
1.49
1.76
1.56
1.59
1.68
1.68
1.72
1.56
1.63
1.61
1.70
1.79
1.54
1.63
1.60
1.62
1.65
1.70
1.72
1.73
1.72
1.60
1.63
1.61
1.59
1.73
1.61
1.50
1.55
1.64
1.69
1.54
1.57
1.61
1.51
1.65
1.59
1.70
1.62
1.69
1.60
1.55
1.61
1.50
1.71
1.68
1.53
1.60
1.60
1.79
1.65
1.69
1.63
1.68
1.65
1.62
1.68
1.64
1.62
1.66
1.49
1.69
1.65
1.64
1.66
1.65
1.67
1.56
1.65
1.68
1.66
1.27
1.48
1.73
1.52
1.71
1.65
1.51
1.58
1.62
1.53
1.64
1.64
1.62
1.62
1.61
1.31
1.66
1.62
1.65
1.64
1.54
1.71
1.66
1.62
1.63
1.59
1.71
1.53
1.77
1.52
1.70
1.65
1.70
1.63
1.63
1.54
1.72
1.80
1.61
1.73
1.64
1.64
1.79
1.62
1.73
1.69
1.65
1.77
1.71
1.64
1.74
1.71
1.58
1.94
1.58
1.66
1.56
1.73
1.89
1.70
1.67
1.55
1.62
1.68
1.63
1.68
1.56
1.70
1.68
1.73
1.67
1.67
1.72
1.68
1.71
1.68
1.71
1.60
1.67
1.66
1.63
1.60
1.58
1.55
1.60
1.56
1.67
3.38
1.57
1.73
1.56
1.26
1.61
1.36
1.23
1.31
1.32
1.26
1.50
1.36
1.40
1.28
1.47
1.50
1.53
1.54
1.68
1.52
1.31
1.65
1.50
1.51
1.68
1.60
1.65
1.57
1.69
1.70
1.59
