1.67
1.49
1.53
1.56
1.58
1.55
1.68
1.39
1.56
1.52
1.51
1.54
1.39
1.45
1.68
1.62
1.81
1.48
1.59
1.50
1.70
1.67
1.64
1.65
1.64
1.72
1.73
1.44
1.60
1.55
1.45
1.45
1.77
1.58
1.59
1.61
1.70
1.61
1.30
1.40
1.35
1.25
1.51
1.54
1.37
1.29
1.32
1.39
1.46
1.57
1.48
1.45
1.52
1.56
1.39
1.60
1.61
1.37
1.40
1.43
1.40
1.42
1.54
1.75
1.67
1.69
1.62
1.57
1.57
1.74
1.72
1.78
1.77
1.69
1.58
1.66
1.63
1.67
1.70
1.74
1.50
1.57
1.61
1.66
1.83
1.70
1.74
1.55
1.59
1.67
1.66
1.67
1.70
1.62
1.43
1.79
1.71
1.74
1.68
1.73
1.53
1.66
2.21
1.61
1.65
1.67
1.79
1.57
1.68
1.68
1.77
1.62
1.78
1.64
1.48
1.65
1.67
1.70
1.67
1.43
1.45
1.61
1.72
1.74
1.60
1.69
1.77
1.51
1.73
1.73
1.47
1.64
1.43
1.44
1.40
1.38
1.48
1.36
1.41
1.33
1.34
1.36
1.48
1.39
1.43
1.47
1.52
1.39
1.36
1.44
1.39
1.44
1.36
1.43
1.39
1.43
1.30
1.50
1.59
1.44
1.42
1.41
1.41
1.40
1.52
1.34
1.27
1.41
1.42
1.46
1.36
1.37
1.37
1.28
1.48
1.53
1.48
1.58
1.48
1.41
1.25
1.42
1.40
0.936
1.34
1.47
1.38
1.36
1.49
1.31
1.35
1.45
1.48
1.52
1.34
1.54
1.30
1.36
1.40
1.52
1.25
1.57
1.52
1.52
1.39
1.45
1.57
1.32
1.58
1.38
1.34
1.39
1.62
1.68
1.64
1.69
1.29
1.67
1.59
1.62
1.41
1.73
1.40
1.66
1.40
1.64
1.67
1.24
1.56
1.66
1.62
1.56
1.42
1.55
1.68
1.66
1.67
1.70
1.36
1.49
1.42
1.62
1.69
1.67
1.47
1.72
1.41
1.39
1.28
1.53
1.39
1.55
1.49
1.32
1.64
1.56
1.56
1.37
1.52
1.53
1.36
1.66
1.58
1.41
1.67
1.68
1.54
1.70
1.66
1.39
1.74
1.74
1.65
1.83
1.64
1.63
1.60
1.60
1.51
1.55
1.58
1.62
1.63
1.69
1.69
1.59
1.78
1.56
1.65
1.67
1.68
1.63
1.71
1.69
1.63
1.67
1.75
1.61
1.76
1.62
1.56
1.70
1.83
1.68
1.40
1.61
1.75
1.54
1.60
1.67
1.61
1.68
1.65
1.58
1.71
1.67
1.70
1.63
1.67
1.66
1.57
1.61
1.64
1.59
1.65
1.73
1.53
1.58
1.65
1.67
1.77
1.52
1.64
1.61
1.78
1.63
1.64
1.69
1.72
1.64
1.57
1.69
1.73
1.70
1.64
1.67
1.60
1.52
1.64
1.70
1.79
1.68
1.61
1.70
1.63
1.63
1.64
1.51
1.63
1.53
1.54
1.68
1.69
1.67
1.39
1.38
1.62
1.63
1.69
1.61
1.56
1.68
1.54
1.49
1.43
1.74
1.60
1.60
1.66
1.69
1.58
1.80
1.65
1.76
1.68
1.41
1.63
1.55
1.72
1.65
1.62
1.35
1.64
1.56
1.38
1.66
1.57
1.78
1.55
1.62
1.38
1.68
1.70
1.61
1.70
1.53
1.59
1.59
1.65
1.71
1.54
1.66
1.65
1.50
1.60
1.63
1.55
1.65
1.58
1.64
1.37
1.67
1.66
1.63
1.43
1.68
1.62
1.66
1.69
1.72
1.35
1.58
1.64
1.46
1.68
1.81
1.71
1.75
1.62
1.61
1.53
1.76
1.36
1.77
1.60
1.69
1.56
1.61
1.50
1.60
1.67
1.55
1.63
1.50
1.39
1.56
1.33
1.36
1.52
1.60
1.66
1.59
1.52
1.57
1.60
1.64
1.74
1.55
1.73
1.62
1.71
1.67
1.61
1.58
1.63
1.56
1.60
1.09
1.68
1.59
1.45
1.64
1.49
1.62
1.30
1.59
1.45
1.63
1.60
1.57
1.59
1.54
1.60
1.71
1.61
1.66
1.53
1.55
1.55
1.68
1.50
1.68
1.75
1.57
1.63
1.37
1.55
1.59
1.65
1.61
1.62
0.977
1.58
1.49
1.61
1.64
1.65
1.37
1.32
1.52
1.34
1.61
1.57
1.61
1.57
1.64
1.68
1.50
1.63
1.52
1.59
1.67
1.61
1.58
1.63
1.40
1.55
1.34
1.54
1.51
1.45
1.62
1.58
1.50
1.54
1.57
1.37
1.61
1.65
1.61
1.21
1.56
1.56
1.60
1.62
1.62
1.56
1.64
1.38
1.50
1.50
1.26
1.54
1.58
1.32
1.72
1.64
1.87
1.63
1.78
1.63
1.31
1.53
1.80
1.68
1.64
1.69
1.67
1.29
1.66
1.60
1.65
1.60
1.25
1.58
1.60
1.55
1.53
1.64
1.67
1.59
1.63
1.66
1.49
1.80
1.33
1.54
1.52
1.58
1.40
1.57
1.64
1.18
1.63
1.55
1.62
1.70
1.33
1.54
1.39
1.62
1.53
1.65
1.47
1.64
1.53
1.58
1.48
1.58
1.64
1.59
1.58
1.40
1.50
1.51
1.63
1.48
1.30
1.57
1.64
1.62
1.60
1.60
1.43
1.59
1.61
1.56
1.40
1.72
1.62
1.39
1.60
1.67
1.67
1.61
1.57
1.51
1.58
1.44
1.38
1.45
1.62
1.33
1.71
1.53
1.39
1.42
1.63
1.63
1.39
1.67
1.64
1.63
1.43
1.57
1.51
1.91
1.52
1.75
1.61
1.50
1.67
1.74
1.78
1.65
1.74
1.61
1.75
1.68
1.41
1.61
1.67
1.56
1.65
1.85
1.69
1.80
1.63
1.65
1.70
1.83
1.62
1.57
1.61
1.65
1.36
1.56
1.66
1.62
1.77
1.78
1.48
1.79
1.67
1.62
1.71
1.62
1.44
1.61
1.53
1.69
1.65
1.69
1.71
1.61
1.58
1.76
1.64
1.78
1.58
1.73
1.67
1.72
1.64
1.70
1.61
1.72
1.56
1.72
1.67
1.72
1.69
1.83
1.58
1.65
1.57
1.69
1.70
1.63
1.64
1.63
1.69
1.63
1.57
1.56
1.64
1.71
1.60
1.75
1.69
1.80
1.64
1.62
1.58
1.52
1.72
1.56
1.66
1.54
1.63
1.55
1.62
1.73
1.63
1.76
1.70
1.75
1.62
1.66
1.40
1.63
1.63
1.47
1.65
1.62
1.70
1.70
1.71
1.51
1.59
1.58
1.61
1.79
1.65
1.76
1.64
1.64
1.56
1.53
1.60
1.67
1.72
1.65
1.56
1.70
1.67
1.73
1.65
1.63
1.69
1.54
1.60
1.61
1.71
1.71
1.66
1.72
1.57
1.60
1.66
1.57
1.62
1.80
1.63
1.72
1.69
1.06
1.68
1.76
1.66
1.60
1.65
1.71
1.47
1.68
1.56
1.70
1.58
1.77
1.64
1.71
1.67
1.64
1.64
1.65
1.64
1.58
1.45
1.53
1.67
1.66
1.60
1.58
1.46
1.57
1.54
1.47
1.48
1.36
1.45
1.48
1.56
1.46
1.39
1.51
1.50
1.34
1.52
1.57
1.49
1.60
1.77
1.80
1.76
1.60
1.69
1.33
1.47
1.72
1.59
1.69
1.60
1.62
1.71
1.65
1.57
1.68
1.59
1.72
1.59
1.70
1.71
1.76
1.79
1.56
1.60
1.68
1.46
1.72
1.66
1.62
1.64
1.74
1.68
1.64
1.53
1.68
1.55
1.66
1.65
1.41
1.44
1.65
1.62
1.49
1.70
1.62
1.54
1.71
1.67
1.75
1.70
1.71
1.74
1.66
1.69
1.67
1.69
1.45
1.59
1.66
1.66
1.68
1.68
1.91
1.68
1.62
1.61
1.45
1.81
1.63
1.74
1.65
1.68
1.57
1.70
1.64
1.56
1.55
1.76
1.57
1.71
1.52
1.51
1.36
1.68
1.58
1.58
1.60
1.61
1.68
1.63
1.67
1.75
1.66
1.70
1.62
1.64
1.69
1.66
1.74
1.67
1.58
1.58
1.46
1.64
1.77
1.57
1.64
1.56
1.70
1.82
1.78
1.66
1.68
1.63
1.66
1.75
1.67
1.64
1.51
1.86
1.55
1.73
1.68
1.68
1.71
1.52
1.70
2.23
1.51
1.67
1.61
1.68
1.72
1.41
1.60
1.73
1.73
1.56
