2.06
1.77
1.73
1.43
1.66
1.73
1.72
1.71
1.67
1.66
1.58
1.67
1.63
1.71
1.85
1.76
1.69
1.60
1.72
1.68
1.62
1.76
1.75
1.55
1.66
1.50
1.75
1.71
1.76
1.77
1.69
1.61
1.71
1.61
1.61
1.75
1.62
1.56
1.75
1.71
1.79
4.81
1.72
1.55
1.63
1.72
1.55
1.79
1.76
1.61
1.72
1.66
1.61
1.64
1.57
1.62
1.65
1.61
1.60
1.21
1.40
1.51
1.27
1.42
1.57
1.64
1.61
1.69
1.67
1.68
1.70
1.61
1.66
1.57
1.58
1.58
1.66
1.80
1.65
1.64
1.48
1.65
1.74
1.60
1.67
1.72
1.48
1.59
1.71
1.58
1.62
1.61
1.74
1.70
1.75
1.47
1.67
1.65
1.72
1.42
1.69
1.60
1.71
1.67
1.64
1.64
1.68
1.69
1.64
1.65
1.71
1.73
1.60
1.69
1.59
1.71
1.62
1.56
1.57
1.62
1.71
1.67
1.65
1.46
1.80
1.64
1.68
1.55
1.81
1.72
1.60
1.73
1.69
1.47
1.67
1.64
1.72
1.62
1.69
1.82
1.76
1.52
1.60
1.45
1.73
1.63
1.63
1.59
1.77
1.47
1.61
1.77
1.66
1.64
1.58
1.77
1.73
1.73
1.51
1.76
1.64
1.39
1.26
1.16
1.25
1.27
1.24
1.69
1.63
1.54
1.20
1.61
1.47
1.25
1.52
1.63
1.65
1.67
1.27
1.47
1.62
1.72
1.46
1.60
1.67
1.61
1.63
1.69
1.73
1.69
1.62
1.63
1.62
1.31
1.62
1.65
1.45
1.26
1.43
1.40
1.69
1.67
1.48
1.39
1.73
1.78
1.63
1.59
1.65
1.40
1.66
1.60
1.78
1.48
1.35
1.59
1.58
1.61
1.78
1.78
1.77
1.73
1.56
1.58
1.43
1.35
1.75
1.35
1.62
1.63
1.70
1.50
1.62
1.55
1.61
1.67
1.74
1.37
1.64
1.61
1.66
1.18
1.37
1.37
1.16
1.62
1.37
1.43
1.41
1.34
1.35
1.62
1.61
1.40
1.33
1.49
1.40
0.900
1.21
1.35
1.42
1.37
1.29
1.53
1.61
1.33
1.39
1.67
1.49
1.45
1.60
1.61
1.24
1.59
1.62
1.43
1.58
1.60
1.65
1.35
1.67
1.71
1.50
1.45
1.67
1.60
1.59
1.38
1.63
1.57
1.65
1.43
1.62
1.50
1.76
1.41
1.36
1.72
1.84
1.40
1.53
1.58
1.56
1.38
1.66
1.63
1.62
1.51
1.69
1.54
1.59
1.24
1.42
1.28
1.59
1.67
1.76
1.68
1.35
1.42
1.57
1.26
1.74
1.71
1.57
1.64
1.55
1.71
1.61
1.67
1.66
1.60
1.81
1.65
1.79
1.65
1.69
1.67
1.65
1.73
1.62
1.75
1.73
1.59
1.63
1.64
1.80
1.62
1.53
1.61
1.64
1.70
1.56
1.47
1.61
1.43
1.66
1.70
1.65
1.67
1.71
1.55
1.63
1.71
1.77
1.64
1.55
1.52
1.29
1.42
1.59
1.58
1.46
1.49
1.57
1.63
1.59
1.70
1.63
1.75
1.85
1.50
1.66
1.64
1.47
1.61
1.66
1.53
1.71
1.68
1.48
1.59
1.55
1.70
1.72
1.69
1.52
1.58
1.71
1.64
1.43
1.57
1.64
1.65
1.72
1.70
1.65
1.66
1.65
1.63
1.66
1.76
1.66
1.65
1.47
1.70
1.58
1.69
1.51
1.53
1.55
1.55
1.59
1.38
1.32
1.62
1.39
1.51
1.46
1.33
1.31
1.50
1.33
1.42
1.39
1.48
1.44
1.51
1.52
1.50
1.31
1.48
1.48
1.67
1.71
1.52
1.68
1.49
1.56
1.57
1.58
1.25
1.65
1.42
1.54
1.60
1.61
1.57
1.60
1.49
1.67
1.59
1.53
1.48
1.52
1.55
1.63
1.56
1.64
1.47
1.61
1.71
1.41
1.60
1.53
1.67
1.61
1.59
1.47
1.58
1.48
1.59
1.60
1.44
1.55
1.54
1.63
1.58
1.57
1.50
1.71
1.61
1.73
1.46
1.47
1.58
1.50
1.58
1.58
1.68
1.52
1.64
1.63
1.57
1.58
1.53
1.66
1.47
1.27
1.53
1.56
1.48
1.58
1.59
1.60
1.56
1.69
1.58
1.54
1.50
1.60
1.62
1.71
1.41
1.71
1.63
1.67
1.68
1.67
1.59
1.58
1.58
1.63
1.62
1.62
1.56
1.66
1.60
1.64
1.25
1.70
1.50
1.61
1.58
1.57
1.65
1.57
1.39
1.51
1.38
1.59
1.30
1.56
1.50
1.55
1.62
1.59
1.24
1.39
1.32
1.60
1.45
1.60
1.62
1.64
1.71
1.46
1.55
1.36
1.43
1.74
1.68
1.64
1.58
1.38
1.56
1.18
1.67
1.54
1.55
1.23
1.69
1.67
1.34
1.48
1.56
1.46
1.76
1.46
1.64
1.57
1.35
1.54
1.66
1.50
1.49
1.62
1.54
1.54
1.28
1.58
1.65
1.55
1.53
1.60
1.61
1.53
1.59
1.65
1.65
1.59
1.65
1.49
1.58
1.52
1.50
1.62
1.69
1.55
1.58
15.6
1.61
1.69
1.59
1.69
1.63
1.31
1.65
1.60
1.58
1.49
1.61
1.50
1.34
1.47
1.49
1.33
1.42
1.53
1.58
1.50
1.38
1.60
1.54
1.68
1.56
1.70
1.65
1.66
1.61
1.56
1.60
1.59
1.64
1.72
1.78
1.67
1.73
1.77
1.67
1.65
1.64
1.72
1.65
1.64
1.73
1.67
1.64
1.63
1.62
1.71
1.71
1.52
1.76
1.64
1.55
1.65
1.60
1.70
1.78
1.63
1.93
1.86
1.53
1.63
1.54
1.67
1.60
1.62
1.59
1.67
1.61
1.70
1.74
1.71
1.58
1.82
1.78
1.72
1.71
1.80
1.82
1.73
2.60
1.78
1.66
1.79
1.74
1.61
1.59
1.79
1.62
1.76
1.82
1.71
1.56
1.71
1.77
1.73
1.78
1.80
1.69
1.68
1.92
1.82
1.75
1.69
1.79
1.74
1.85
1.74
1.73
1.77
1.85
1.71
1.76
1.72
1.72
1.79
1.69
1.78
1.40
1.71
1.70
1.68
1.81
1.71
1.56
1.63
1.69
1.91
1.66
1.67
1.74
1.67
1.59
1.75
1.77
1.62
1.74
1.65
1.77
1.76
1.53
1.51
1.64
1.67
1.67
1.30
1.49
1.46
1.76
1.65
1.72
1.65
1.56
1.71
1.65
1.70
1.67
1.67
1.67
1.66
1.43
1.60
1.57
1.56
1.41
1.67
1.58
1.76
1.68
1.69
1.64
1.58
1.64
1.70
1.51
1.68
1.54
1.52
1.61
1.70
1.52
1.56
1.43
1.65
1.59
1.67
1.82
1.53
1.76
1.57
1.59
1.64
1.61
1.73
1.67
1.48
1.57
1.51
1.34
1.62
1.36
1.29
1.45
1.52
1.18
1.30
1.47
1.68
1.39
1.53
1.26
1.54
1.55
1.51
1.54
1.54
1.52
1.52
1.59
1.62
1.30
1.64
1.68
1.57
1.57
1.60
1.65
1.42
1.58
1.71
1.59
1.76
1.52
1.87
1.57
1.65
1.67
1.67
1.68
1.60
1.58
1.68
1.76
1.77
1.62
1.65
1.69
1.71
1.61
1.86
1.58
1.44
1.68
1.71
1.48
1.61
1.72
1.55
1.48
1.78
1.62
1.64
1.51
1.54
1.76
1.78
1.64
1.70
1.56
1.50
1.69
1.74
1.55
1.58
1.55
1.64
1.42
1.65
1.62
1.53
1.70
1.75
1.50
1.76
1.55
1.54
1.68
1.71
1.70
1.76
1.72
1.74
1.60
1.69
1.59
1.72
1.72
1.66
1.66
1.71
1.58
1.60
1.61
1.52
1.73
1.69
1.73
1.60
1.77
1.57
1.44
1.77
1.59
1.73
1.62
1.70
1.75
1.73
1.62
1.76
1.41
1.79
1.66
1.66
1.55
1.66
1.74
1.61
1.69
1.65
1.51
1.56
1.66
1.74
1.76
1.65
1.62
1.78
1.72
1.72
1.46
1.56
1.55
1.72
1.74
1.52
1.58
1.73
1.69
1.65
1.69
1.71
1.63
1.76
1.55
1.36
1.72
1.71
1.73
1.71
1.61
1.66
1.69
1.73
1.66
1.46
1.53
1.69
1.60
1.63
1.54
1.61
1.66
1.66
1.69
1.79
1.62
